4,3
4,2
4,1
4,0
3,6
3,5
3,4
3,3
3,2
3,1
3,0
2,2
2,1
2,0
1,2
1,1
1,0
0,310
0,305
0,304
0,303
0,302
18,3
18,2
18,1
18,0
17,3
17,2
17,1
17,0
2,3
1,3
0,408
0,322
0,308
0,307
0,243
0,12
0,10
0,9
0,8
0,0
0,1
0,426
0,300
0,425
0,299
0,424
0,298
0,297
0,423
0,296
0,422
0,295
0,421
0,294
0,419
0,293
0,418
0,292
0,420
0,291
0,417
0,290
0,416
0,289
0,415
0,288
0,414
0,287
0,286
0,413
0,285
0,412
0,284
0,411
0,283
0,409
0,282
0,407
0,281
0,410
0,280
0,406
0,279
0,278
0,405
0,277
0,404
0,276
0,403
0,275
0,401
0,274
0,400
0,273
0,402
0,272
0,399
0,271
0,270
0,398
0,269
0,397
0,268
0,396
0,267
0,394
0,266
0,393
0,265
0,395
0,264
0,392
0,263
0,262
0,391
0,261
0,390
0,260
0,389
0,259
0,387
0,258
0,386
0,257
0,388
0,256
0,385
0,255
0,384
0,254
0,383
0,253
0,382
0,252
0,381
0,251
0,380
0,250
0,379
0,249
0,378
0,248
0,377
0,247
0,246
0,376
0,245
0,375
0,244
0,374
0,242
0,373
0,241
0,372
0,240
0,371
0,239
0,370
0,238
0,369
0,237
0,368
0,236
0,367
0,235
0,366
0,234
0,364
0,233
0,363
0,232
0,365
0,231
0,362
0,230
0,361
0,229
0,228
0,360
0,227
0,359
0,226
0,358
0,225
0,224
0,357
0,223
0,222
0,356
0,221
0,355
0,220
0,354
0,219
0,218
0,353
0,217
0,352
0,216
0,351
0,215
0,350
0,214
0,349
0,213
0,348
0,212
0,347
0,211
0,346
0,210
0,345
0,209
0,344
0,208
0,343
0,207
0,342
0,206
0,341
0,205
0,340
0,204
0,339
0,203
0,338
0,202
0,337
0,201
0,336
0,200
0,335
0,199
0,334
0,198
0,333
0,197
0,332
0,196
0,331
0,195
0,330
0,194
0,329
0,193
0,328
0,192
0,327
0,63
0,326
0,62
0,325
0,61
0,324
0,60
0,323
0,59
0,321
0,58
0,427
0,57
0,320
0,56
0,319
0,55
0,318
0,54
0,317
0,53
0,316
0,52
0,315
0,51
0,314
0,50
0,313
0,49
0,312
0,48
0,311
0,47
0,309
0,46
0,306
0,45
0,301
0,6
0,5
0,11
0,4
0,2
0,3
0,7
